### UpSetR version 1.4.0 ###

# B. japonicum #

input <- c(
CNPSo_17 = 31,
CNPSo_22 = 44,
CNPSo_23 = 18,
CNPSo_24 = 7,
CNPSo_29 = 27,
CNPSo_31 = 14,
CNPSo_34 = 16,
CNPSo_38 = 27,
CPAC_15 = 20,
"CNPSo_17&CNPSo_23" = 1,
"CNPSo_17&CNPSo_31" = 1,
"CNPSo_22&CNPSo_29" = 12,
"CNPSo_22&CNPSo_31" = 2,
"CNPSo_22&CNPSo_38" = 1,
"CNPSo_24&CNPSo_34" = 1,
"CNPSo_29&CNPSo_31" = 1,
"CNPSo_29&CNPSo_34" = 2,
"CNPSo_29&CPAC_15" = 1,
"CNPSo_31&CNPSo_34" = 1,
"CNPSo_31&CNPSo_38" = 1,
"CNPSo_34&CNPSo_38" = 295,
"CNPSo_34&CPAC_15" = 1,
"CNPSo_17&CNPSo_23&CNPSo_24" = 2,
"CNPSo_17&CNPSo_24&CPAC_15" = 2,
"CNPSo_22&CNPSo_29&CNPSo_31" = 100,
"CNPSo_22&CNPSo_31&CNPSo_34" = 1,
"CNPSo_22&CNPSo_31&CNPSo_38" = 3,
"CNPSo_23&CNPSo_24&CPAC_15" = 7,
"CNPSo_29&CNPSo_31&CNPSo_38" = 2,
"CNPSo_29&CNPSo_34&CNPSo_38" = 1,
"CNPSo_31&CNPSo_34&CNPSo_38" = 2,
"CNPSo_34&CNPSo_38&CPAC_15" = 2,
"CNPSo_17&CNPSo_23&CNPSo_24&CNPSo_34" = 1,
"CNPSo_17&CNPSo_23&CNPSo_34&CNPSo_38" = 1,
"CNPSo_17&CNPSo_23&CNPSo_24&CPAC_15" = 187,
"CNPSo_22&CNPSo_29&CNPSo_31&CNPSo_34" = 4,
"CNPSo_22&CNPSo_29&CNPSo_31&CNPSo_38" = 12,
"CNPSo_22&CNPSo_29&CNPSo_34&CNPSo_38" = 1,
"CNPSo_22&CNPSo_31&CNPSo_34&CNPSo_38" = 16,
"CNPSo_29&CNPSo_31&CNPSo_34&CNPSo_38" = 3,
"CNPSo_17&CNPSo_22&CNPSo_23&CNPSo_24&CPAC_15" = 1,
"CNPSo_17&CNPSo_23&CNPSo_24&CNPSo_29&CPAC_15" = 1,
"CNPSo_17&CNPSo_23&CNPSo_24&CNPSo_38&CPAC_15" = 1,
"CNPSo_17&CNPSo_29&CNPSo_31&CNPSo_34&CNPSo_38" = 1,
"CNPSo_22&CNPSo_29&CNPSo_31&CNPSo_34&CNPSo_38" = 748,
"CNPSo_17&CNPSo_22&CNPSo_23&CNPSo_24&CNPSo_29&CNPSo_31" = 3,
"CNPSo_17&CNPSo_22&CNPSo_23&CNPSo_24&CNPSo_31&CNPSo_38" = 23,
"CNPSo_17&CNPSo_22&CNPSo_23&CNPSo_24&CNPSo_31&CPAC_15" = 1,
"CNPSo_17&CNPSo_23&CNPSo_24&CNPSo_34&CNPSo_38&CPAC_15" = 2,
"CNPSo_22&CNPSo_24&CNPSo_29&CNPSo_31&CNPSo_34&CNPSo_38" = 1,
"CNPSo_22&CNPSo_29&CNPSo_31&CNPSo_34&CNPSo_38&CPAC_15" = 5,
"CNPSo_17&CNPSo_22&CNPSo_23&CNPSo_24&CNPSo_29&CNPSo_31&CNPSo_38" = 1,
"CNPSo_17&CNPSo_22&CNPSo_23&CNPSo_24&CNPSo_31&CNPSo_34&CNPSo_38" = 4,
"CNPSo_17&CNPSo_22&CNPSo_23&CNPSo_29&CNPSo_31&CNPSo_34&CNPSo_38" = 1,
"CNPSo_17&CNPSo_22&CNPSo_23&CNPSo_24&CNPSo_29&CNPSo_31&CPAC_15" = 22,
"CNPSo_17&CNPSo_22&CNPSo_23&CNPSo_29&CNPSo_31&CNPSo_38&CPAC_15" = 1,
"CNPSo_17&CNPSo_22&CNPSo_24&CNPSo_29&CNPSo_31&CNPSo_34&CNPSo_38" = 1,
"CNPSo_17&CNPSo_22&CNPSo_29&CNPSo_31&CNPSo_34&CNPSo_38&CPAC_15" = 1,
"CNPSo_22&CNPSo_23&CNPSo_29&CNPSo_31&CNPSo_34&CNPSo_38&CPAC_15" = 1,
"CNPSo_22&CNPSo_24&CNPSo_29&CNPSo_31&CNPSo_34&CNPSo_38&CPAC_15" = 2,
"CNPSo_17&CNPSo_22&CNPSo_23&CNPSo_24&CNPSo_29&CNPSo_31&CNPSo_34&CNPSo_38" = 27,
"CNPSo_17&CNPSo_22&CNPSo_23&CNPSo_24&CNPSo_29&CNPSo_31&CNPSo_38&CPAC_15" = 2,
"CNPSo_17&CNPSo_22&CNPSo_23&CNPSo_24&CNPSo_29&CNPSo_34&CNPSo_38&CPAC_15" = 2,
"CNPSo_17&CNPSo_22&CNPSo_23&CNPSo_24&CNPSo_29&CNPSo_31&CNPSo_34&CPAC_15" = 1,
"CNPSo_17&CNPSo_22&CNPSo_23&CNPSo_29&CNPSo_31&CNPSo_34&CNPSo_38&CPAC_15" = 6,
"CNPSo_17&CNPSo_22&CNPSo_23&CNPSo_24&CNPSo_31&CNPSo_34&CNPSo_38&CPAC_15" = 2,
"CNPSo_17&CNPSo_22&CNPSo_24&CNPSo_29&CNPSo_31&CNPSo_34&CNPSo_38&CPAC_15" = 3,
"CNPSo_17&CNPSo_23&CNPSo_24&CNPSo_29&CNPSo_31&CNPSo_34&CNPSo_38&CPAC_15" = 12,
"CNPSo_22&CNPSo_23&CNPSo_24&CNPSo_29&CNPSo_31&CNPSo_34&CNPSo_38&CPAC_15" = 13,
"CNPSo_17&CNPSo_22&CNPSo_23&CNPSo_24&CNPSo_29&CNPSo_31&CNPSo_34&CNPSo_38&CPAC_15" = 8787
)
# Plot
upset(fromExpression(input),
nintersects = 40,
nsets = 9,
order.by = "freq",
decreasing = T,
mb.ratio = c(0.6, 0.4),
number.angles = 0,
text.scale = 1.1,
point.size = 2.8,
line.size = 1
)

# B. diazoefficiens #

input <- c(
  CNPSo_10 = 11,
  CNPSo_104 = 22,
  CNPSo_105 = 12,
  CNPSo_106 = 18,
  CNPSo_107 = 17,
  CNPSo_108 = 17,
  CNPSo_109 = 6,
  CNPSo_110 = 12,
  CPAC_7 = 15,
  "CNPSo_10&CPAC_7" = 1,
  "CNPSo_108&CNPSo_110" = 1,
  "CNPSo_106&CNPSo_109" = 1,
  "CNPSo_108&CPAC_7" = 1,
  "CNPSo_10&CNPSo_104" = 1,
  "CNPSo_10&CNPSo_108" = 1,
  "CNPSo_104&CNPSo_108" = 1,
  "CNPSo_10&CNPSo_104&CNPSo_109" = 1,
  "CNPSo_104&CNPSo_105&CNPSo_106" = 1,
  "CNPSo_104&CNPSo_106&CPAC_7" = 1,
  "CNPSo_104&CNPSo_106&CNPSo_108" = 1,
  "CNPSo_105&CNPSo_108&CNPSo_110" = 1,
  "CNPSo_106&CNPSo_107&CNPSo_109" = 1,
  "CNPSo_10&CNPSo_104&CNPSo_106&CNPSo_110" = 1,
  "CNPSo_10&CNPSo_105&CNPSo_107&CNPSo_110" = 1,
  "CNPSo_10&CNPSo_106&CNPSo_107&CNPSo_110" = 1,
  "CNPSo_10&CNPSo_106&CNPSo_107&CNPSo_109" = 1,
  "CNPSo_104&CNPSo_107&CNPSo_109&CPAC_7" = 1,
  "CNPSo_106&CNPSo_109&CNPSo_110&CPAC_7" = 1,
  "CNPSo_10&CNPSo_105&CNPSo_106&CNPSo_109&CPAC_7" = 1,
  "CNPSo_10&CNPSo_105&CNPSo_108&CNPSo_109&CNPSo_110" = 2,
  "CNPSo_10&CNPSo_105&CNPSo_106&CNPSo_108&CNPSo_110" = 1,
  "CNPSo_10&CNPSo_105&CNPSo_109&CNPSo_110&CPAC_7" = 1,
  "CNPSo_10&CNPSo_105&CNPSo_106&CNPSo_110&CPAC_7" = 1,
  "CNPSo_104&CNPSo_107&CNPSo_108&CNPSo_109&CPAC_7" = 2,
  "CNPSo_104&CNPSo_106&CNPSo_107&CNPSo_108&CPAC_7" = 1,
  "CNPSo_104&CNPSo_106&CNPSo_108&CNPSo_109&CPAC_7" = 1,
  "CNPSo_10&CNPSo_104&CNPSo_106&CNPSo_107&CNPSo_109&CPAC_7" = 2,
  "CNPSo_10&CNPSo_104&CNPSo_105&CNPSo_107&CNPSo_109&CNPSo_110" = 1,
  "CNPSo_10&CNPSo_105&CNPSo_107&CNPSo_108&CNPSo_109&CNPSo_110" = 1,
  "CNPSo_10&CNPSo_105&CNPSo_106&CNPSo_108&CNPSo_109&CNPSo_110" = 1,
  "CNPSo_10&CNPSo_105&CNPSo_106&CNPSo_107&CNPSo_108&CNPSo_109&CNPSo_110" = 1,
  "CNPSo_10&CNPSo_104&CNPSo_105&CNPSo_107&CNPSo_108&CNPSo_110&CPAC_7" = 1,
  "CNPSo_10&CNPSo_105&CNPSo_107&CNPSo_108&CNPSo_109&CNPSo_110&CPAC_7" = 3,
  "CNPSo_10&CNPSo_104&CNPSo_105&CNPSo_107&CNPSo_108&CNPSo_109&CPAC_7" = 1,
  "CNPSo_104&CNPSo_105&CNPSo_106&CNPSo_107&CNPSo_109&CNPSo_110&CPAC_7" = 1,
  "CNPSo_10&CNPSo_106&CNPSo_107&CNPSo_108&CNPSo_109&CNPSo_110&CPAC_7" = 1,
  "CNPSo_10&CNPSo_104&CNPSo_105&CNPSo_106&CNPSo_107&CNPSo_109&CPAC_7" = 1,
  "CNPSo_10&CNPSo_104&CNPSo_105&CNPSo_106&CNPSo_108&CNPSo_110&CPAC_7" = 1,
  "CNPSo_104&CNPSo_105&CNPSo_106&CNPSo_107&CNPSo_108&CNPSo_110&CPAC_7" = 1,
  "CNPSo_10&CNPSo_104&CNPSo_105&CNPSo_106&CNPSo_107&CNPSo_108&CNPSo_109&CNPSo_110" = 7,
  "CNPSo_10&CNPSo_104&CNPSo_105&CNPSo_106&CNPSo_107&CNPSo_108&CNPSo_109&CPAC_7" = 5,
  "CNPSo_10&CNPSo_104&CNPSo_105&CNPSo_107&CNPSo_108&CNPSo_109&CNPSo_110&CPAC_7" = 5,
  "CNPSo_10&CNPSo_104&CNPSo_105&CNPSo_107&CNPSo_108&CNPSo_109&CNPSo_110&CPAC_7" = 21,
  "CNPSo_10&CNPSo_104&CNPSo_105&CNPSo_106&CNPSo_107&CNPSo_109&CNPSo_110&CPAC_7" = 12,
  "CNPSo_10&CNPSo_105&CNPSo_106&CNPSo_107&CNPSo_108&CNPSo_109&CNPSo_110&CPAC_7" = 5,
  "CNPSo_10&CNPSo_104&CNPSo_106&CNPSo_107&CNPSo_108&CNPSo_109&CNPSo_110&CPAC_7" = 2,
  "CNPSo_10&CNPSo_104&CNPSo_105&CNPSo_106&CNPSo_107&CNPSo_108&CNPSo_110&CPAC_7" = 2,
  "CNPSo_104&CNPSo_105&CNPSo_106&CNPSo_107&CNPSo_108&CNPSo_109&CNPSo_110&CPAC_7" = 3,
  "CNPSo_10&CNPSo_104&CNPSo_105&CNPSo_106&CNPSo_107&CNPSo_108&CNPSo_109&CNPSo_110&CPAC_7" = 8665
)

# Plot
upset(fromExpression(input), 
      nintersects = 40, 
      nsets = 9, 
      order.by = "freq", 
      decreasing = T, 
      mb.ratio = c(0.6, 0.4),
      number.angles = 0, 
      text.scale = 1.1, 
      point.size = 2.8, 
      line.size = 1
)
